128
7.812500e-03 7.011798e-01 9.945596e-01 -1.022776e+00 -4.015229e-01 2.111311e-01 -2.915296e-01
7.812500e-03 -6.264068e-01 1.012228e+00 -7.899328e-02 1.984073e-01 -5.977289e-01 -9.091475e-02
7.812500e-03 -1.031929e+00 8.286019e-02 -1.229284e+00 1.929217e-01 6.315835e-01 1.865499e-01
7.812500e-03 1.732455e-01 3.418677e-01 2.055354e-01 3.204217e-01 8.306581e-02 -9.468093e-01
7.812500e-03 2.382234e+00 -2.775148e+00 -3.819924e-01 2.229548e-01 -7.050101e-02 1.778276e-01
7.812500e-03 -2.202702e-01 -6.507523e-01 -8.172353e-01 -2.595402e-01 -3.744996e-01 -1.035642e-01
7.812500e-03 -8.170920e-02 5.113658e-02 -8.632495e-02 -3.906755e-01 -1.029474e+00 -3.502378e-01
7.812500e-03 -4.657670e-01 -1.459738e-01 3.127279e-01 3.822844e-01 9.475783e-02 5.947577e-02
7.812500e-03 -1.192657e-01 -7.252206e-01 -1.832457e-01 -6.878423e-01 8.500833e-02 3.587052e-01
7.812500e-03 2.268537e-01 -3.361354e-01 3.943785e-01 4.631214e-01 4.924689e-01 2.235128e-01
7.812500e-03 -4.147480e-01 -1.010051e+00 -1.049810e-01 -1.960533e-01 -3.171198e-03 -7.227259e-01
7.812500e-03 7.479484e-01 2.791514e-01 -2.665437e-01 -5.073801e-01 1.543539e-01 -1.154206e-01
7.812500e-03 1.766319e-02 -2.077611e-01 2.276877e-01 9.634914e-01 6.385685e-01 -6.133996e-01
7.812500e-03 1.997874e-01 -1.267353e+00 -2.383564e-01 2.968004e-01 -4.375029e-03 3.196284e-02
7.812500e-03 4.918765e-01 1.818171e-01 9.353602e-01 4.510704e-02 3.400002e-01 -3.479620e-01
7.812500e-03 -6.009383e-01 -8.677934e-01 1.094964e-01 -5.997945e-01 3.062917e-01 3.150882e-01
7.812500e-03 -1.035547e-01 -1.431664e-01 9.694136e-02 5.728606e-01 -1.369776e+00 -6.339149e-02
7.812500e-03 1.341300e+00 -1.569451e+00 -4.062653e-01 -1.037091e-01 -7.570860e-02 -2.200233e-01
7.812500e-03 1.075634e+00 2.612516e+00 8.882013e-01 -3.773904e-01 5.266469e-01 2.301608e-01
7.812500e-03 1.275093e-01 2.518544e-02 -2.346380e-02 2.219644e-01 2.136186e-02 -2.094860e-01
7.812500e-03 -1.388868e+00 -3.666636e-01 -4.919147e-01 -2.621483e-01 -1.519255e-02 6.148673e-01
7.812500e-03 -2.947569e-02 -3.648111e-01 3.743792e-01 -3.938602e-01 2.937110e-02 9.676363e-02
7.812500e-03 1.075845e-01 4.178454e-01 7.366189e-01 2.463130e-01 5.079029e-01 -4.542537e-01
7.812500e-03 -2.495969e-01 -3.073911e-01 -2.417286e-01 -2.250298e-01 2.159400e-01 1.396590e-01
7.812500e-03 -2.091439e-01 -6.725642e-01 -3.086414e-02 -3.313928e-01 5.409762e-01 5.125056e-01
7.812500e-03 -9.964989e-01 -9.820281e-01 8.069287e-01 2.646644e-01 -1.328065e-01 -3.202024e-01
7.812500e-03 -5.138549e-01 3.893017e-02 -2.213091e-01 -4.292871e-01 8.075570e-01 4.644018e-01
7.812500e-03 4.813993e-01 1.239368e-02 -7.455037e-01 -5.157940e-01 -4.137019e-01 1.472410e-02
7.812500e-03 3.992954e-01 8.386637e-01 -1.207079e-01 9.269369e-02 6.300733e-03 6.738987e-01
7.812500e-03 -3.087537e-02 2.312591e-01 -7.740243e-02 7.794373e-01 5.439677e-02 5.814439e-01
7.812500e-03 -6.974392e-02 -3.001925e-01 -2.619070e-01 -5.844672e-01 -7.543534e-02 5.578230e-01
7.812500e-03 1.150738e+00 -2.801416e-02 -3.400631e-01 5.130860e-01 1.730339e-01 8.951929e-02
7.812500e-03 3.919423e-01 -1.605392e-01 2.783436e-01 -7.414852e-01 -3.615671e-01 2.745697e-01
7.812500e-03 4.697069e-01 -2.760152e-01 2.820920e-01 -5.434306e-01 3.988697e-01 -4.949825e-01
7.812500e-03 -4.312907e-01 -1.794289e-01 -1.008837e-01 -3.222368e-01 2.382503e-01 -4.711760e-01
7.812500e-03 2.077194e-01 -4.134510e-02 -7.391435e-01 -6.676984e-01 -2.132005e-01 4.116041e-01
7.812500e-03 2.030872e-01 6.500422e-01 -2.236289e+00 -1.482213e-01 8.970859e-02 3.551302e-01
7.812500e-03 2.336507e-01 -3.883982e-02 8.046157e-02 6.087273e-01 -2.408240e-01 -3.202792e-01
7.812500e-03 -1.436254e-01 4.640634e-01 -4.745766e-01 2.207290e-01 -2.222751e-01 4.765258e-01
7.812500e-03 -3.586902e-01 5.924717e-02 5.275442e-01 5.131962e-01 5.228167e-01 -7.840408e-01
7.812500e-03 -2.331351e-02 2.934006e-01 1.525345e-02 5.667620e-01 -1.407773e-02 7.356919e-01
7.812500e-03 -1.444847e+00 4.368411e-01 1.485319e+00 -2.879300e-01 2.882439e-01 4.054847e-02
7.812500e-03 2.941511e-01 -5.854864e-01 -3.865868e-02 1.534619e-01 -2.179701e-01 1.742383e-01
7.812500e-03 4.848018e-01 -9.192219e-02 -1.662894e+00 3.749571e-01 3.641678e-02 4.123425e-01
7.812500e-03 1.150836e+00 -4.086044e-01 3.717969e-02 -3.467151e-01 -1.187855e-01 1.229967e-01
7.812500e-03 -3.622539e-01 3.268175e-01 -2.073488e-02 3.952138e-01 -4.662454e-01 1.569060e-01
7.812500e-03 4.006809e-01 -3.345558e-01 2.515992e-02 9.838275e-02 -1.261299e-01 8.634901e-02
7.812500e-03 5.750363e-01 2.242245e-01 2.138670e-01 3.872131e-01 -5.013760e-02 6.737634e-01
7.812500e-03 -1.804062e-01 -2.517349e-02 -2.878831e-01 -1.667377e-01 4.761808e-01 -5.488258e-01
7.812500e-03 1.048916e-01 6.356704e-01 2.573089e-01 -2.825767e-01 1.823381e-01 -7.180856e-01
7.812500e-03 -4.064308e-01 7.446752e-02 1.746499e-01 -1.049005e-03 5.987076e-01 -1.824252e-01
7.812500e-03 -1.027263e+00 1.644697e-01 -6.509553e-01 -2.525147e-01 2.543476e-01 -3.117012e-01
7.812500e-03 -1.053351e+00 5.247557e-01 -4.687134e-01 3.948063e-01 4.215890e-02 -5.890823e-01
7.812500e-03 -2.643432e-01 -1.682941e-01 -1.323789e-01 3.569728e-01 -5.782864e-02 1.306365e+00
7.812500e-03 -1.172496e-01 -8.980797e-01 -1.642839e-01 -1.275802e-02 -5.788226e-01 -3.871875e-01
7.812500e-03 9.852910e-01 1.222742e+00 1.051989e+00 2.590518e-01 2.734021e-02 -4.455084e-02
7.812500e-03 7.356666e-01 3.877502e-01 -1.627017e-01 -2.149446e-01 -1.554137e-02 1.372442e-01
7.812500e-03 -1.135893e+00 2.217479e-01 1.156639e+00 4.068309e-01 -3.954587e-01 -5.423784e-02
7.812500e-03 -9.447099e-02 1.517618e-01 -3.925374e-01 7.381311e-01 -7.340662e-05 -2.669649e-01
7.812500e-03 9.176369e-02 3.834250e-02 7.065673e-01 7.414881e-01 -1.505403e-01 -2.686682e-01
7.812500e-03 1.088069e+00 -1.473044e+00 1.209204e+00 -7.084015e-02 2.377280e-01 3.831999e-01
7.812500e-03 2.138347e-01 -1.491532e-01 3.134556e-01 -3.843359e-01 3.526385e-01 1.621714e-01
7.812500e-03 -1.029040e+00 3.801672e-01 2.658393e-01 -2.730261e-01 -5.876794e-01 -3.170524e-01
7.812500e-03 -2.439740e-02 -1.752745e-02 -7.243862e-02 2.347918e-01 5.343411e-01 1.439736e-02
7.812500e-03 -6.232046e-01 -6.435221e-02 -7.581614e-03 8.278499e-02 -2.764167e-01 -5.201014e-02
7.812500e-03 -8.128721e-02 3.382982e-01 7.207713e-01 -4.205627e-01 4.659977e-01 4.899807e-01
7.812500e-03 1.428921e-01 -7.733400e-02 1.779749e-01 3.220822e-01 -7.145326e-01 8.027836e-01
7.812500e-03 -7.963193e-01 1.428642e+00 -4.315728e-01 -2.463274e-01 -5.741554e-01 -3.405551e-02
7.812500e-03 1.099613e-01 5.970648e-01 -3.718514e-01 2.430772e-01 8.438496e-03 -6.029379e-01
7.812500e-03 -5.805782e-01 -7.372045e-01 1.024695e+00 1.516004e-01 3.920670e-01 -9.989439e-02
7.812500e-03 -5.358156e-01 -1.369050e-01 3.164481e-01 9.342139e-02 -4.502372e-01 3.268708e-01
7.812500e-03 3.408985e-01 -9.249798e-01 9.333704e-01 -5.042223e-01 -3.983562e-01 -5.277339e-02
7.812500e-03 -2.559660e-01 -5.976026e-01 -3.399984e-02 4.573324e-01 -3.717949e-02 -6.147381e-01
7.812500e-03 -9.503790e-01 8.650258e-01 -5.644214e-01 -4.598522e-01 2.681250e-01 -2.415534e-01
7.812500e-03 -6.236695e-02 -9.257529e-01 1.448288e+00 -2.128644e-01 4.166504e-01 8.890962e-02
7.812500e-03 1.289763e-01 -6.412281e-01 -2.771387e-01 -1.233644e-01 7.950339e-01 1.883379e-01
7.812500e-03 -8.366256e-02 2.264121e-02 4.027431e-01 4.047052e-02 -3.942196e-01 4.416488e-01
7.812500e-03 -4.926685e-01 -1.648241e-03 3.612783e-01 -5.933624e-02 6.329653e-02 -7.247511e-01
7.812500e-03 1.182441e-01 -3.140804e-01 -1.224521e-01 3.256172e-01 3.696051e-01 5.947920e-01
7.812500e-03 -3.779530e-02 -6.341142e-01 1.578623e-01 4.020859e-01 -1.445041e-02 1.674411e-02
7.812500e-03 -1.450397e-01 1.125357e-01 -2.081539e-01 5.816864e-01 -3.329456e-01 -8.146130e-01
7.812500e-03 -1.256479e+00 9.380304e-01 2.877260e-01 -3.048935e-01 -1.311356e-01 2.182966e-01
7.812500e-03 2.916056e+00 -1.348790e-01 5.625139e-01 2.768405e-01 -1.261142e-01 4.334119e-01
7.812500e-03 -8.711024e-01 9.133189e-02 -2.909314e-01 8.176860e-01 -3.006249e-01 1.427570e-01
7.812500e-03 4.019624e+00 1.293832e+00 8.247081e-01 4.685384e-02 2.911010e-01 2.639577e-01
7.812500e-03 2.369829e-02 1.956437e-01 -8.098298e-02 7.819423e-01 6.886864e-01 -5.128372e-01
7.812500e-03 1.897497e-02 5.990170e-01 3.968682e-01 -2.257836e-01 4.457028e-01 8.553893e-02
7.812500e-03 -2.530876e-01 -3.802616e-01 -3.941220e-01 5.743584e-02 -2.687759e-01 -1.095051e+00
7.812500e-03 -2.433281e+00 1.668511e+00 -4.118318e-01 2.080587e-03 1.275625e-01 5.338839e-02
7.812500e-03 5.350391e-01 -2.599968e-01 6.093384e-01 -6.416490e-01 8.073377e-02 5.402542e-01
7.812500e-03 6.341974e-01 -6.234804e-01 1.068893e+00 -2.457070e-01 6.409551e-01 9.627799e-02
7.812500e-03 1.868969e-01 3.712787e-01 -4.433650e-01 -3.286953e-01 2.295074e-01 -2.174033e-01
7.812500e-03 -2.581334e-01 -5.738024e-01 -4.613834e-01 -3.647492e-01 1.036368e-01 5.413479e-02
7.812500e-03 -4.949546e-02 3.316212e-01 6.339021e-02 -6.652819e-01 -4.020250e-02 -7.809133e-01
7.812500e-03 -8.299964e-01 6.144329e-01 -1.849075e+00 -2.991119e-01 -9.034249e-02 2.304330e-01
7.812500e-03 6.256298e-01 4.701676e-02 -5.778661e-01 8.089507e-02 -4.842086e-01 -5.947269e-02
7.812500e-03 2.063202e-01 4.910768e-03 -6.165413e-01 -2.076086e-01 -2.653422e-02 4.222419e-01
7.812500e-03 -1.587537e-01 3.022688e-01 9.494953e-02 -5.208161e-02 -7.630616e-01 -1.992375e-01
7.812500e-03 -2.105634e-01 3.550846e-01 4.902102e-01 2.499118e-01 -6.884818e-02 2.647108e-01
7.812500e-03 6.673703e-01 -2.444169e-02 1.287656e+00 3.302302e-01 6.223837e-01 -2.958745e-01
7.812500e-03 -3.317159e-01 3.157526e-03 6.737098e-01 -8.400756e-02 3.005815e-01 9.726946e-01
7.812500e-03 -3.611910e-02 -1.333204e-01 -2.129091e-01 1.139832e-02 4.158991e-01 1.590943e-01
7.812500e-03 -7.825087e-02 4.502538e-01 9.008605e-02 4.809943e-02 -6.650577e-01 2.257249e-01
7.812500e-03 1.882465e-02 9.983595e-01 1.057871e+00 1.920753e-01 -1.226280e-01 2.571225e-01
7.812500e-03 1.102776e+00 -9.292554e-01 -2.364987e+00 1.263116e-01 -4.360890e-02 1.844707e-01
7.812500e-03 -3.227054e-01 -5.796620e-01 -1.228470e-01 2.686650e-01 7.528236e-02 4.303963e-01
7.812500e-03 -1.424950e-01 1.799422e-01 1.486761e-01 -3.687736e-01 5.567096e-01 -1.093120e-01
7.812500e-03 -5.022102e-03 6.067751e-01 -1.689938e-03 -4.026414e-01 -6.925719e-01 -5.952938e-01
7.812500e-03 -1.507868e-01 1.667981e-01 3.843594e-02 -7.521421e-01 -1.007297e+00 2.825159e-01
7.812500e-03 1.075271e-01 -4.513740e-02 1.647168e-01 -2.479379e-02 -9.517988e-01 -5.587392e-01
7.812500e-03 3.964729e-01 6.550253e-01 4.416839e-01 1.067997e-02 -6.838964e-01 2.387949e-01
7.812500e-03 2.146372e-01 -1.196171e-01 -1.216207e-01 2.733317e-01 -4.749866e-01 -8.365550e-01
7.812500e-03 6.952111e-01 -6.997373e-01 4.505000e-01 -3.364571e-01 3.796463e-01 -4.299059e-01
7.812500e-03 1.082219e+00 -3.156343e-01 2.270345e-01 4.018017e-01 1.958259e-01 -6.205567e-02
7.812500e-03 4.267003e-01 9.532313e-02 2.719754e-01 -5.528704e-01 3.077633e-01 -6.080507e-01
7.812500e-03 -4.065717e-01 1.185066e+00 1.454945e+00 2.123282e-01 -4.611440e-01 -5.806331e-03
7.812500e-03 -1.158686e-02 -3.141043e-01 -4.159354e-01 -2.690348e-01 6.316152e-01 2.048079e-02
7.812500e-03 -8.303656e-01 -1.530501e+00 -8.807988e-01 -3.733003e-01 -2.199916e-01 4.182533e-02
7.812500e-03 -1.029597e-01 -5.638760e-01 2.801786e-01 2.524571e-01 3.319665e-01 -8.410016e-01
7.812500e-03 -6.457754e-01 1.467456e-01 6.610318e-01 5.256809e-01 -2.120357e-01 1.825383e-01
7.812500e-03 -1.254197e-01 -1.790002e-01 -3.206372e-01 -3.690837e-02 6.875082e-02 4.722813e-01
7.812500e-03 1.770107e-01 9.851190e-01 1.603163e-01 -4.348672e-01 3.223522e-02 -1.017267e-02
7.812500e-03 -6.060537e-01 8.643472e-01 2.628685e-01 6.154061e-02 3.696250e-01 1.884588e-01
7.812500e-03 -5.659741e-02 -1.539451e-01 -3.283951e+00 -2.604819e-01 -1.184985e-01 3.473364e-02
7.812500e-03 -1.452726e+00 -8.138796e-02 -2.531054e-01 2.140124e-01 -8.361606e-01 -1.240058e-01
7.812500e-03 -2.128137e-01 9.047441e-01 -8.278097e-01 -4.515804e-02 -5.837459e-01 1.959522e-01
7.812500e-03 -8.902521e-01 1.771895e-01 3.125234e-01 5.042346e-01 1.196703e-01 5.431840e-01
7.812500e-03 4.721684e-01 -7.072363e-01 -1.698705e-01 -3.879820e-01 5.494314e-01 -2.504761e-01
